image_width: 1024
image_height: 576
camera_matrix: 
 rows: 3
 cols: 3
 data: [704.332, 0, 516.467, 0, 715.028, 288.478, 0, 0, 1]
distortion_coefficients:
 rows: 1
 cols: 5
 data: [0.0287567, -0.167492, 0.000254989, -7.49694e-05, 0.204384]
reprojection_error: 0.206956
